8.238187420939397931e-01 7.771541218124879968e-01 3.873861475645890007e-02
3.405879832745863922e-01 7.705980832324994534e-01 3.411163771639860176e-01
1.832088824624512613e-01 9.413422684903365312e-01 1.867868901651981162e-01
6.891907439970381688e-01 6.212746434870007883e-01 4.092593841801170917e-01
3.634080613998200704e-01 9.011872684882783480e-01 1.811686171873454487e-01
4.098692522097269197e-02 1.358197993598572184e-01 9.907217155275542808e-01
6.390155957407674947e-01 1.287062550702274821e-01 7.610020037761536793e-01
9.654266408600402638e-01 4.256787658911020955e-03 1.703496933508552580e-01
1.165687955715533075e-01 8.659586172774726975e-01 6.807659556106427923e-01
2.295926865156916463e-02 3.079376603083457953e-01 6.240288396248312441e-01
2.050905870001664688e-01 4.529891517332114148e-01 4.581044229253520284e-01
3.384709418715079465e-01 3.749613117876212653e-01 4.490923811100744345e-02
5.877471758268482116e-01 8.539497924479951818e-01 3.638830753305944965e-01
6.110479838680942244e-01 8.260309693591638691e-02 5.043724188573963652e-01
1.418137958793936892e-01 5.213295784408322753e-02 1.059879049465362044e-04
6.537567828164965178e-01 8.426262083600286612e-01 9.903208089989271601e-01
7.896870304549133968e-01 8.882586541882895315e-01 5.783327781862624972e-01
8.198666364347609870e-01 7.162646715026953492e-01 8.504587741539929580e-01
5.246032673050825546e-01 7.837051333890359128e-01 5.844192694931289456e-01
5.888214772537638808e-01 7.336896470269593795e-01 1.008896090040365401e-01
4.133451094112627899e-01 9.302473028398194899e-01 7.551116724596528273e-01
2.929711289937979579e-01 7.685001532553763504e-01 7.992357776560923277e-01
7.626379526372230044e-01 5.546942683918486550e-01 4.777600210499645117e-01
8.226662965308051412e-01 5.075135010353331033e-01 1.660152982236260399e-01
2.910931160212498758e-01 7.306030737520944340e-01 4.601216097281747297e-01
4.177989053260969810e-01 7.384264486502863933e-01 7.963033030147445013e-01
1.996830777071075813e-01 7.795567404518692900e-01 9.119055327777972897e-01
5.827078666733079837e-01 7.483329193754728603e-02 3.088855709486894030e-01
2.354076139107885712e-02 7.642687599542835608e-01 2.302492926356439762e-01
2.978787653080089415e-01 4.766589683911430786e-01 6.397984540044941992e-01
8.595048226997950014e-01 5.913290484143497450e-01 5.181598087008035813e-01
5.564971558328227763e-01 3.830403690536732242e-01 6.361944364818755693e-01
5.606651239466885484e-01 4.794276598742737150e-01 1.721777469848029263e-02
8.140045188753499694e-01 7.066356724576108306e-01 7.358527724972736550e-01
1.552734052484971983e-02 8.823589584484445858e-01 4.558680892192711331e-01
1.713823576280810723e-01 3.948488153136193723e-01 6.125197782249602874e-02
1.126836335946695966e-01 9.156517032502923259e-01 8.488744198585863598e-01
8.010677206208618450e-01 4.688339108232287833e-01 8.796706994506859889e-01
3.092682387405248923e-01 3.080878560699532587e-01 5.486618161228674628e-01
6.100667592440675024e-01 4.734175875024956293e-01 3.409310634253063244e-01
6.611800777185397049e-01 7.531401506512909183e-01 9.259513364827972604e-01
5.002724991153791878e-01 1.585090030149073348e-01 4.209345454455841740e-01
1.698724343997838337e-01 8.467437268585427113e-01 8.346992812269672379e-01
7.056188573258800334e-01 2.480502101096756506e-01 3.818987201761058214e-01
3.694951347559186638e-01 9.920049699158650647e-02 7.736893319300223171e-01
2.708447319549540655e-01 6.187233060654402372e-01 7.141602881889795862e-01
5.183971166007470543e-01 3.715916253759372623e-01 8.165250865519104728e-01
5.491046079836411353e-01 1.473866870959091857e-01 9.811164854105485222e-01
5.735243275120703865e-01 4.662936374342463441e-01 5.562385329999092187e-01
5.011578895089043861e-01 6.323320634000572094e-01 9.782708666988295665e-01
4.595311975678413319e-01 3.023937599248350816e-01 1.861293291258692140e-01
6.350342078822173164e-01 2.805290997446850954e-01 5.037119842049774254e-01
4.220941909279584126e-01 5.077843515148040554e-01 3.284684571494155270e-01
6.671165420025612081e-01 8.711707997650456337e-01 5.422776886884985714e-01
2.322496807249920803e-01 7.541207896170389891e-01 7.451619108386181578e-01
4.972662325271836048e-01 9.267401453898517216e-01 9.709800777305409580e-01
6.728828306602365750e-01 6.168265826134056162e-01 4.634790357669849037e-01
3.427852746587825017e-01 1.098827682318577192e-01 3.972873192302612821e-01
7.843130520367089797e-01 6.106818788041820101e-01 9.893690748767580700e-02
5.235211999961898455e-01 1.429251461242528887e-01 8.326716234280931994e-01
9.342341048728559638e-01 6.643909619220575991e-01 8.503681551886526080e-01
8.828420524028319782e-01 6.935708481470362896e-01 4.875222885349789204e-01
7.884427113320843228e-01 2.849683400364787511e-01 7.249484709133743321e-01
3.653953550414142937e-01 8.739852032813936189e-01 7.717544751170657413e-01
5.622656081223266211e-01 3.175263195561633944e-01 4.454417498425742306e-01
8.530417943620506316e-01 6.689867968074590943e-01 8.483014740916161589e-02
1.374641782860778205e-01 5.051359697504226309e-01 9.053496509620890809e-01
7.039308133330388628e-01 9.278646600068787276e-01 5.921420634985925524e-01
